2120000101
2120000122
2120000169
2120000127
2120000105
2120000120
2120000173
2120000123
2120000175
2120000128
2120000099
2120000109
2120000140
2120500201
2120000118
2120000172
2120000103
2120000139
2120700038
2120000134
2120000126
2120000130
2120000138
2120000124
2306500204
2120000121
2120000131
2120000129
2120000106
2120000132
2120000136
2120000174
2120000170
2120500135
2120000100
2120700154
2120000133
2120000107
0021206890
2120000135
2120000119
2120000171
2120000137
2120000108
2120000117
0021205012
0035025060
0021202190
0021202220
0021202180
0021201980
0021206280
0021206560
0021202240
0021208480
0021206810
0021202230
0021205910
0021202250